//*********************************************************************************************
//                                         Table.txt
//*********************************************************************************************
// 0x01
65 00 00 70 40 01 00 01 83 06 00 FF FF 01 00 02 83 06 01 FF FF 01 00 03 83 06 02 FF FF 01 00 04 83 06 03 FF FF 01 00 05 83 06 04 FF FF 01 00 06 83 06 05 FF FF 01 00 07 83 06 06 FF FF 01 00 08 83 06 07 FF FF
65 00 00 b0 40 01 00 09 83 16 00 FF FF 01 00 0a 83 16 01 FF FF 01 00 0b 83 16 02 FF FF 01 00 0c 83 16 03 FF FF 01 00 0d 83 16 04 FF FF 01 00 0e 83 16 05 FF FF 01 00 0f 83 16 06 FF FF 01 00 10 83 16 07 FF FF


// 0x02
65 00 01 08 40 02 00 01 83 0b 00 ff ff 02 00 02 83 0b 01 ff ff 02 00 03 83 0b 02 ff ff 02 00 04 83 0b 03 ff ff 02 00 05 83 0b 04 ff ff 02 00 06 83 0b 05 ff ff 02 00 07 83 0b 06 ff ff 02 00 08 83 0b 07 ff ff


// 0x03
65 00 01 50 20 03 00 01 44 40 0d cf 02 03 00 02 44 40 0d d1 02 03 00 03 44 40 0d d3 02 03 00 04 44 40 0d d5 02  

65 00 01 78 40 03 01 01 82 04 01 ff ff 03 01 02 82 05 01 ff ff 03 01 03 82 06 01 ff ff 03 01 04 82 07 01 ff ff 03 01 05 82 08 01 ff ff 03 01 06 82 09 01 ff ff 03 01 07 82 0a 02 ff ff 03 01 08 83 00 01 ff ff 


// 0x04
65 00 01 c0 30 04 00 01 82 0c 02 ff ff 04 00 02 82 0e 02 ff ff 04 00 03 82 10 02 ff ff 04 00 04 82 12 02 ff ff 04 00 05 82 14 02 ff ff 04 00 06 82 16 02 ff ff 


// 0x05
65 00 01 f8 10 05 00 01 42 f6 00 ff ff 05 00 02 42 f6 01 ff ff 

65 00 02 10 10 05 00 51 42 f9 01 ff ff 05 00 52 42 f9 02 ff ff 

65 00 02 28 10 05 00 63 42 fb 00 ff ff 05 00 64 42 fb 01 ff ff 

65 00 02 40 18 05 01 01 81 00 00 ff ff 05 01 02 81 00 01 ff ff 05 01 03 81 00 02 ff ff


// 0x06
65 00 02 60 10 06 00 01 66 40 00 00 02 06 00 02 66 40 00 02 02

65 00 02 78 10 06 04 01 66 40 08 00 02 06 04 02 66 40 08 02 01

65 00 02 90 10 06 10 01 81 00 02 ff ff 06 10 02 81 02 02 ff ff


// 0x0f
65 00 02 a8 18 0f 00 01 42 f6 00 ff ff 0f 00 02 42 f6 01 ff ff 0f 00 03 42 f6 02 ff ff 

65 00 02 c8 10 0f 00 51 42 f9 01 ff ff 0f 00 52 42 f9 02 ff ff 

65 00 02 e0 10 0f 00 63 42 fb 00 ff ff 0f 00 64 42 fb 01 ff ff 

65 00 02 f8 18 0f 01 01 81 00 00 ff ff 0f 01 02 81 00 01 ff ff 0f 01 03 81 00 02 ff ff
    

// 0x10
65 00 03 18 20 10 00 01 66 40 00 00 02 10 00 02 66 40 00 02 02 10 00 03 66 40 00 04 02 10 00 04 66 40 00 06 02 

65 00 03 40 10 10 04 01 66 40 08 00 02 10 04 02 66 40 08 02 01

65 00 03 58 10 10 10 01 81 00 02 ff ff 10 10 02 81 02 02 ff ff

65 00 03 70 18 10 12 01 69 f0 01 00 03 10 12 02 69 f0 01 00 03 10 12 03 69 f0 01 00 03




// Modbus requests:
01 00 01 00 0a								01 00 01 00 0a
02 00 01 00 08								02 00 28 00 11

03 00 01 00 04								03 01 00 00 04
03 01 01 00 07								-
04 00 01 00 06								04 00 01 00 06

05 00 01 FF 00								05 00 01 FF 00
05 01 01 FF 00								05 01 01 FF 00
06 00 01 31 32								-
06 10 01 55 AA								-

0F 00 01 00 03 01 05						0F 00 01 00 03 01 05
0F 01 01 00 03 01 05						0F 01 00 00 02 01 05

10 00 01 00 03 06 31 32 33 34 35 36			10 10 00 00 03 06 14 02 0d 0b 07 20
10 10 00 00 02 04 aa 55 33 cc 				-
10 12 01 00 03 06 14 02 0d 0b 07 20			-



66 40 00 00 02 34 35
44 40 00 00 10
42 F6 00 02 0F 0F
43 00 00 20 10
65 00 00 20 10 31 2E 32 2E 33 00 00 00 00 00 00 00 00 00 00 02
11



 
65 00 00 18 01 ab (station func. - 171)

65 00 00 30 07 01 00 04 00 01 01 00 (port 1: protocol - modbus, addr - 0x01(01), bitrate - 57600, additional param. - 0 (single char message - disabled))
65 00 00 50 07 01 01 02 00 01 02 00 (port 2: protocol - iec103, addr - 0x02(02), bitrate - 19200, additional param. - 1 (single char message - enabled))
65 00 00 50 07 01 00 04 00 01 02 00 (port 2: protocol - modbus, addr - 0x02(02), bitrate - 57600, additional param. - 0 (single char message - disabled))

65 00 01 50 2C 00 00 00 01 02 00 00 00 00 00 00 00 00 00 00 00 00 00 00 00 81 00 00 00 B8 0B 00 00 00 00 00 00 00 00 00 00 00 00 00 00 00 00 5A A1(synchronization settings)
65 00 01 80 11 01 00 00 00 80 02 00 00 00 40 03 00 00 00 C0 5A E0 (DI1, DI40, KL2, KL39, VDI1, VDI2, VDI39, VDI40 - enabled)
65 00 01 A0 11 01 00 00 00 81 03 00 00 00 41 03 00 00 00 C1 5A E4 (DI1, DI40, KL2, KL39, VDI1, VDI2, VDI39, VDI40 - enabled)

// IEC-103 requests:
10 47 02 49 16													- reset FCB
10 40 02 42 16													- reset CU

10 7A 02 7C 16													- class1 data request 
10 5A 02 5C 16													- class1 data request 

10 7B 02 7D 16													- class2 data request 
10 5B 02 5D 16													- class2 data request 

инициал общего опроса
68 09 09 68 73 02 07 81 09 02 FF 00 45 4C 16

команда квитирования
68 0A 0A 68 73 02 14 81 14 02 AB 13 02 BB 9B 16

команда включения выключателя
68 0A 0A 68 73 02 14 81 14 02 AB 28 02 EE E3 16

синхронизация времени
68 0F 0F 68 73 02 06 81 08 02 FF 00 00 00 00 0C 04 03 13 2B 16
68 0F 0F 68 73 02 06 81 08 02 FF 00 5F EA 3B 17 01 01 01 A3 16
68 0F 0F 68 44 FF 06 81 08 FF FF 00 30 75 01 0C 03 04 13 9C 16

команда включения КЛ1
68 0A 0A 68 73 02 14 81 14 02 AB C8 02 EE 83 16





// Add
timeout for parall_bus responses on retranslated modbus requests (TIMER_LOCK_FUNCTION)

// Check
01 66 40 17 89 80 00 00 00 00 00 00 00 00 00 00 00 00 00 00 00 00 00 00 00 00 32 00 00 00 00 00 00 00 00 00 00 00 00 00 00 00 00 00 00 00 00 00 00 00 00 00 00 00 00 00 00 00 00 00 00 00 00 00 00 00 00 00 00 00 00 00 00 00 00 00 00 00 00 00 00 00 00 00 00 00 00 00 00 00 00 00 00 00 00 00 00 00 00 00 00 00 00 00 00 00 00 00 00 00 00 00 00 00 00 00 00 00 00 00 00 00 00 00 00 00 00 00 00 00 00 00 00 00 54 F6

0x080ff800